03DA00000
010634000
003200000
010644000
003200000
010648000
003200000
04B050000
016A00000
010634000
003200000
010644000
003200000
010648000
003200000
04B050000
016A00000
010634000
003200000
010644000
003200000
010648000
003200000
023F50000
003200000
023F44000
003200000
023F34000
003200000
023F44000
003200000
023F3C000
016A00000
010644000
003200000
010644000
003200000
01063C000
003200000
037734000
003200000
010634000
003200000
023F44000
003200000
023F50000
003200000
010650000
003200000
037748000
016A00000
010648000
003200000
010644000
003200000
010648000
003200000
023F50000
003200000
023F44000
003200000
023F34000
003200000
023F3C000
003200000
01063C000
003200000
037734001
000000001